1, 1855
1856, 5023
5026, 7353
7354, 10858
10869, 13802
13803, 16418
16419, 18946
18947, 21395
21397, 23373
23374, 25334
25335, 27400
27401, 30023
30024, 32387
32388, 35004
35005, 37424
37425, 39721
39722, 42046
42048, 44245
44246, 46373
46374, 48824
48827, 51315
51316, 53360
53361, 55893
55894, 57969
57972, 60382
60383, 63567
63572, 67057
67061, 70071
70073, 72796
72797, 75196
75198, 77505
77506, 80047
80049, 83292
83293, 85962
85963, 87897
87900, 89903
89906, 92407
92408, 94261
94263, 96174
96175, 97954
97957, 99852
99854, 102044
102046, 103787
103790, 105633
105635, 107334
107335, 108937
108938, 110604
110605, 112808
112809, 114459
114460, 117021
117022, 118768
118769, 120825
120827, 122975
122983, 124784
124785, 126117
126118, 127709
127710, 129130
129131, 130576
130578, 132474
132475, 133895
133896, 135458
135463, 137161
137165, 138791
138793, 140317
140318, 142056
142057, 143510
143521, 145500
145564, 147474
147475, 148887
148890, 150505
150508, 151870
151872, 153313
153315, 154810
154811, 156279
156281, 158022
158023, 159527
159529, 161495
161498, 163058
163059, 164409
164410, 165804
165805, 168061
168066, 169492
169493, 172626
172627, 173865
173866, 175509
175510, 177053
177054, 178591
178594, 180196
180198, 182027
182028, 184099
184100, 187586
187587, 189146
189147, 190742
190743, 192360
192361, 193936
193940, 195136
195138, 196673
196674, 198136
198137, 199401
199402, 200815
200816, 202261
202263, 203488
203489, 205310
205311, 206753
206754, 208366
208369, 209691
209692, 211234
211235, 213221
213222, 214817
214818, 216251
216252, 217905
217906, 219576
219577, 221139
221140, 222649
222652, 224111
224112, 225470
225471, 226853
226854, 228309
228310, 229529
229530, 230809
230810, 231876
231877, 232938
232939, 234032
234033, 235260
235261, 236445
236446, 237889
237890, 239151
239152, 240322
240323, 241684
241685, 243147
243148, 244403
244404, 245565
245566, 246749
246750, 248027
248028, 249313
249314, 250624
250626, 251856
251857, 253263
253264, 254543
254558, 255677
255678, 256788
256789, 258185
258186, 259417
259418, 260519
260520, 261551
261552, 262650
262651, 263798
263799, 265025
265026, 266202
266203, 267375
267376, 269969
269970, 271085
271086, 272103
272104, 273231
273232, 274414
274415, 275583
275584, 276835
276836, 278178
278180, 279498
279499, 280593
280595, 281692
281693, 282861
282862, 283975
283976, 285219
285220, 288293
288294, 289421
289422, 290806
290807, 292174
292176, 293520
293521, 294776
294777, 296112
296113, 297428
297429, 298576
298577, 299773
299774, 300991
300992, 302264
302267, 303375
303376, 304644
304645, 305548
